Index             x          y          z          roll      pitch        yaw
------------------------------------------------------------------------
0            0.0000     0.0000     0.0000        0.0000     0.0000     0.0000
1            0.0000     0.0000     0.0000        0.0000     0.0000     0.0000
2            0.0000     0.0000     0.0000        0.0000     0.0000     0.0000
3            0.0000     0.0000     0.0000        0.0000     0.0000     0.0000
4            0.0000     0.0000     0.0000        0.0000     0.0000     0.0000
5            0.0000     0.0000     0.0000        0.0000     0.0000     0.0000
6            0.0000     0.0000     0.0000        0.0000     0.0000     0.0000
7            0.0000     0.0000     0.0000        0.0000     0.0000     0.0000
8            0.0000     0.0000     0.0000        0.0000     0.0000     0.0000
9            0.0000     0.0000     0.0000        0.0000     0.0000     0.0000
10           0.0000     0.0000     0.0000        0.0000     0.0000     0.0000
11           0.0000     0.0000     0.0000        0.0000     0.0000     0.0000
12           0.0000     0.0000     0.0000        0.0000     0.0000     0.0000
13           0.0000     0.0000     0.0000        0.0000     0.0000     0.0000
14           0.0000     0.0000     0.0000        0.0000     0.0000     0.0000
15           0.0000     0.0000     0.0000        0.0000     0.0000     0.0000
16           0.0000     0.0000     0.0000        0.0000     0.0000     0.0000
17           0.0000     0.0000     0.0000        0.0000     0.0000     0.0000
18           0.0000     0.0000     0.0000        0.0000     0.0000     0.0000
19           0.0000     0.0000     0.0000        0.0000     0.0000     0.0000
20           0.0000     0.0000     0.0000        0.0000     0.0000     0.0000
21           0.0000     0.0000     0.0000        0.0000     0.0000     0.0000
22           0.0000     0.0000     0.0000        0.0000     0.0000     0.0000
23           0.0000     0.0000     0.0000        0.0000     0.0000     0.0000
24          -0.0052    -0.0188     0.0491        1.5418     0.0391    -0.0264
25           0.0000     0.0000     0.0000        0.0000     0.0000     0.0000
26           0.0000     0.0000     0.0000        0.0000     0.0000     0.0000
27           0.0035    -0.0139     0.0476       -0.0238    -2.2134    -2.1972
28           0.0000     0.0000     0.0000        0.0000     0.0000     0.0000
29           0.0000     0.0000     0.0000        0.0000     0.0000     0.0000
30          -0.0056    -0.0178     0.0477        1.6132     0.0557    -0.0420
31           0.0000     0.0000     0.0000        0.0000     0.0000     0.0000
32           0.0000     0.0000     0.0000        0.0000     0.0000     0.0000
33          -0.0064    -0.0163     0.0470        1.7297     0.1363    -0.1033
34           0.0000     0.0000     0.0000        0.0000     0.0000     0.0000
35           0.0000     0.0000     0.0000        0.0000     0.0000     0.0000
36           0.0000     0.0000     0.0000        0.0000     0.0000     0.0000
37           0.0000     0.0000     0.0000        0.0000     0.0000     0.0000
38           0.0000     0.0000     0.0000        0.0000     0.0000     0.0000
39           0.0000     0.0000     0.0000        0.0000     0.0000     0.0000
40           0.0000     0.0000     0.0000        0.0000     0.0000     0.0000
41           0.0000     0.0000     0.0000        0.0000     0.0000     0.0000
42           0.0000     0.0000     0.0000        0.0000     0.0000     0.0000
43           0.0000     0.0000     0.0000        0.0000     0.0000     0.0000
44           0.0000     0.0000     0.0000        0.0000     0.0000     0.0000
45          -0.0050    -0.0182     0.0484        1.5655     0.0602    -0.0487
46           0.0000     0.0000     0.0000        0.0000     0.0000     0.0000
47           0.0000     0.0000     0.0000        0.0000     0.0000     0.0000
48          -0.0036    -0.0201     0.0499        1.4134     0.0373    -0.0232
49           0.0000     0.0000     0.0000        0.0000     0.0000     0.0000
50           0.0000     0.0000     0.0000        0.0000     0.0000     0.0000
51           0.0000     0.0000     0.0000        0.0000     0.0000     0.0000
52           0.0000     0.0000     0.0000        0.0000     0.0000     0.0000
53           0.0000     0.0000     0.0000        0.0000     0.0000     0.0000
54          -0.0019    -0.0199     0.0503        1.3995     0.0442    -0.0204
55           0.0000     0.0000     0.0000        0.0000     0.0000     0.0000
56           0.0000     0.0000     0.0000        0.0000     0.0000     0.0000
57          -0.0063    -0.0171     0.0479        1.6100     0.1625    -0.1347
58           0.0000     0.0000     0.0000        0.0000     0.0000     0.0000
59           0.0000     0.0000     0.0000        0.0000     0.0000     0.0000
60           0.0025    -0.0120     0.0464       -0.1333    -2.0067    -2.2645
61           0.0000     0.0000     0.0000        0.0000     0.0000     0.0000
62           0.0000     0.0000     0.0000        0.0000     0.0000     0.0000
63          -0.0072    -0.0160     0.0465        1.7383     0.1548    -0.1286
64           0.0000     0.0000     0.0000        0.0000     0.0000     0.0000
65           0.0000     0.0000     0.0000        0.0000     0.0000     0.0000
66           0.0000     0.0000     0.0000        0.0000     0.0000     0.0000
67           0.0000     0.0000     0.0000        0.0000     0.0000     0.0000
68           0.0000     0.0000     0.0000        0.0000     0.0000     0.0000
69           0.0000     0.0000     0.0000        0.0000     0.0000     0.0000
70           0.0000     0.0000     0.0000        0.0000     0.0000     0.0000
71           0.0000     0.0000     0.0000        0.0000     0.0000     0.0000
72           0.0000     0.0000     0.0000        0.0000     0.0000     0.0000
73           0.0000     0.0000     0.0000        0.0000     0.0000     0.0000
74           0.0000     0.0000     0.0000        0.0000     0.0000     0.0000
75           0.0000     0.0000     0.0000        0.0000     0.0000     0.0000
76           0.0000     0.0000     0.0000        0.0000     0.0000     0.0000
77           0.0000     0.0000     0.0000        0.0000     0.0000     0.0000
78           0.0000     0.0000     0.0000        0.0000     0.0000     0.0000
79           0.0000     0.0000     0.0000        0.0000     0.0000     0.0000
80           0.0000     0.0000     0.0000        0.0000     0.0000     0.0000
81           0.0000     0.0000     0.0000        0.0000     0.0000     0.0000
82           0.0000     0.0000     0.0000        0.0000     0.0000     0.0000
83           0.0000     0.0000     0.0000        0.0000     0.0000     0.0000
84           0.0000     0.0000     0.0000        0.0000     0.0000     0.0000
85          -0.0113     0.0018     0.0489       -1.3085     0.7331     0.4775
86           0.0000     0.0000     0.0000        0.0000     0.0000     0.0000
87           0.0000     0.0000     0.0000        0.0000     0.0000     0.0000
88          -0.0103     0.0017     0.0492       -1.3316     0.6959     0.4372
89           0.0000     0.0000     0.0000        0.0000     0.0000     0.0000
90           0.0000     0.0000     0.0000        0.0000     0.0000     0.0000
91          -0.0113     0.0019     0.0492       -1.3220     0.7654     0.4926
92           0.0000     0.0000     0.0000        0.0000     0.0000     0.0000
93           0.0000     0.0000     0.0000        0.0000     0.0000     0.0000
94           0.0000     0.0000     0.0000        0.0000     0.0000     0.0000
95           0.0000     0.0000     0.0000        0.0000     0.0000     0.0000
96           0.0000     0.0000     0.0000        0.0000     0.0000     0.0000
97           0.0000     0.0000     0.0000        0.0000     0.0000     0.0000
98           0.0000     0.0000     0.0000        0.0000     0.0000     0.0000
99           0.0000     0.0000     0.0000        0.0000     0.0000     0.0000
100          0.0000     0.0000     0.0000        0.0000     0.0000     0.0000
101          0.0000     0.0000     0.0000        0.0000     0.0000     0.0000
102          0.0000     0.0000     0.0000        0.0000     0.0000     0.0000
103          0.0000     0.0000     0.0000        0.0000     0.0000     0.0000
104          0.0000     0.0000     0.0000        0.0000     0.0000     0.0000
105          0.0000     0.0000     0.0000        0.0000     0.0000     0.0000
106          0.0000     0.0000     0.0000        0.0000     0.0000     0.0000
107          0.0000     0.0000     0.0000        0.0000     0.0000     0.0000
108          0.0000     0.0000     0.0000        0.0000     0.0000     0.0000
109          0.0000     0.0000     0.0000        0.0000     0.0000     0.0000
110          0.0000     0.0000     0.0000        0.0000     0.0000     0.0000
111          0.0000     0.0000     0.0000        0.0000     0.0000     0.0000
112          0.0000     0.0000     0.0000        0.0000     0.0000     0.0000
113          0.0000     0.0000     0.0000        0.0000     0.0000     0.0000
114          0.0000     0.0000     0.0000        0.0000     0.0000     0.0000
115          0.0000     0.0000     0.0000        0.0000     0.0000     0.0000
116          0.0000     0.0000     0.0000        0.0000     0.0000     0.0000
117          0.0000     0.0000     0.0000        0.0000     0.0000     0.0000
118          0.0000     0.0000     0.0000        0.0000     0.0000     0.0000
119          0.0000     0.0000     0.0000        0.0000     0.0000     0.0000
120          0.0000     0.0000     0.0000        0.0000     0.0000     0.0000
121          0.0000     0.0000     0.0000        0.0000     0.0000     0.0000
122          0.0000     0.0000     0.0000        0.0000     0.0000     0.0000
123          0.0046    -0.0127     0.0510       -0.0290     2.1472     2.2926
124          0.0000     0.0000     0.0000        0.0000     0.0000     0.0000
125          0.0000     0.0000     0.0000        0.0000     0.0000     0.0000
126          0.0020    -0.0059     0.0525       -0.1350    -1.6833    -2.5501
127          0.0000     0.0000     0.0000        0.0000     0.0000     0.0000
128          0.0000     0.0000     0.0000        0.0000     0.0000     0.0000
129          0.0006    -0.0116     0.0493       -0.2148    -1.9921    -2.1988
130          0.0000     0.0000     0.0000        0.0000     0.0000     0.0000
131          0.0000     0.0000     0.0000        0.0000     0.0000     0.0000
132          0.0032    -0.0151     0.0508       -0.0774    -2.2346    -2.0996
133          0.0000     0.0000     0.0000        0.0000     0.0000     0.0000
134          0.0000     0.0000     0.0000        0.0000     0.0000     0.0000
135          0.0000     0.0000     0.0000        0.0000     0.0000     0.0000
136          0.0000     0.0000     0.0000        0.0000     0.0000     0.0000
137          0.0000     0.0000     0.0000        0.0000     0.0000     0.0000
138         -0.0090    -0.0182     0.0494        1.5643     0.0463    -0.0356
139          0.0000     0.0000     0.0000        0.0000     0.0000     0.0000
140          0.0000     0.0000     0.0000        0.0000     0.0000     0.0000
141          0.0000     0.0000     0.0000        0.0000     0.0000     0.0000
142          0.0000     0.0000     0.0000        0.0000     0.0000     0.0000
143          0.0000     0.0000     0.0000        0.0000     0.0000     0.0000
144          0.0000     0.0000     0.0000        0.0000     0.0000     0.0000
145          0.0000     0.0000     0.0000        0.0000     0.0000     0.0000
146          0.0000     0.0000     0.0000        0.0000     0.0000     0.0000
147          0.0000     0.0000     0.0000        0.0000     0.0000     0.0000
148          0.0000     0.0000     0.0000        0.0000     0.0000     0.0000
149          0.0000     0.0000     0.0000        0.0000     0.0000     0.0000
